255 255 255 255 255 255 255 255 255 255 255 255 255 255 255 255
255 255 255 255 255 255 255 255 255 255 255 255 255 255 255 255
255 255 255 255 255 255 255 255 255 255 255 255 255 255 255 255
255 255 255   0 215 180  97 122 115 106  60 215   0 255 255 255
255 255 255 215 181  63 239  18  18 157  63 181 215 255 255 255
255 255 255  60 171  47 181 149 169 215   0  83 184 255 255 255
255 255 255 246 157   0  97 124 157 120  24  15 101 255 255 255
255 255 255 138 136  28 211  62 255   0 255 136 146 255 255 255
255 255 255  14  18 114 114 191 191 124 120 215 240 255 255 255
255 255 255 148 107 215 134 124 124  60 117 230 246 255 255 255
255 255 255 191 225  63 157 120 169 142 111  53 191 255 255 255
255 255 255 215 181 215  82  22 255 107   0 249   2 255 255 255
255 255 255   0 215  60 249   6 132 101 240 205  27 255 255 255
255 255 255 255 255 255 255 255 255 255 255 255 255 255 255 255
255 255 255 255 255 255 255 255 255 255 255 255 255 255 255 255
255 255 255 255 255 255 255 255 255 255 255 255 255 255 255 255
255 255 255 255 255 255 255 255 255 255 255 255 255 255 255 255
255 255 255 255 255 255 255 255 255 255 255 255 255 255 255 255
255 255 255 255 255 255 255 255 255 255 255 255 255 255 255 255
255 255 255   0 215 180  97 122 115 106  60 215   0 255 255 255
255 255 255 215 181  63 239  18  18 157  63 181 215 255 255 255
255 255 255  60 171  47 181 149 169 215   0  83 184 255 255 255
255 255 255 246 157   0  97 124 157 120  24  15 101 255 255 255
255 255 255 138 136  28 211  62 255   0 255 136 146 255 255 255
255 255 255  14  18 114 114 191 191 124 120 215 240 255 255 255
255 255 255 148 107 215 134 124 124  60 117 230 246 255 255 255
255 255 255 191 225  63 157 120 169 142 111  53 191 255 255 255
255 255 255 215 181 215  82  22 255 107   0 249   2 255 255 255
255 255 255   0 215  60 249   6 132 101 240 205  27 255 255 255
255 255 255 255 255 255 255 255 255 255 255 255 255 255 255 255
255 255 255 255 255 255 255 255 255 255 255 255 255 255 255 255
255 255 255 255 255 255 255 255 255 255 255 255 255 255 255 255
255 255 255 255 255 255 255 255 255 255 255 255 255 255 255 255
255 255 255 255 255 255 255 255 255 255 255 255 255 255 255 255
255 255 255 255 255 255 255 255 255 255 255 255 255 255 255 255
255 255 255   0 215 180  97 122 115 106  60 215   0 255 255 255
255 255 255 215 181  63 239  18  18 157  63 181 215 255 255 255
255 255 255  60 171  47 181 149 169 215   0  83 184 255 255 255
255 255 255 246 157   0  97 124 157 120  24  15 101 255 255 255
255 255 255 138 136  28 211  62 255   0 255 136 146 255 255 255
255 255 255  14  18 114 114 191 191 124 120 215 240 255 255 255
255 255 255 148 107 215 134 124 124  60 117 230 246 255 255 255
255 255 255 191 225  63 157 120 169 142 111  53 191 255 255 255
255 255 255 215 181 215  82  22 255 107   0 249   2 255 255 255
255 255 255   0 215  60 249   6 132 101 240 205  27 255 255 255
255 255 255 255 255 255 255 255 255 255 255 255 255 255 255 255
255 255 255 255 255 255 255 255 255 255 255 255 255 255 255 255
255 255 255 255 255 255 255 255 255 255 255 255 255 255 255 255

255 255 255 255 255 255 255 255 255 255 255 255 255 255 255 255
255 214 153 153 153 153 153 153 153 153 153 153 153 153 214 255
255 153 103 111 112 145 171 160 143 144 146 129 148 138 153 255
255 153 111 103 128 140 153 173 130 133 117 101 156 156 153 255
255 153 112 128 121 171 102 164 184 160  77 130 134 125 153 255
255 153 162 141 141  55  89 175 157 121 132  73 142 102 153 255
255 153 139 167 113 118 129  47 125 102 114 146 141 132 153 255
255 153 147 122  83 146 111 165 168 137 169 183 117 160 153 255
255 153 153 189  72 197 156  76 178  96 139 124  83 152 153 255
255 153 175 126 128 161 126 122 163 133 131 148 146 137 153 255
255 153 149 117 165 111  31  91 126 154 121 138 102 137 153 255
255 153 112 128 121 141 117 163 107 144 192 121 128 112 153 255
255 153 111 103 128 111 141 153 149  75 166 128 103 111 153 255
255 153 103 111 112 148 171 139 134  98 128 112 111 103 153 255
255 214 153 153 153 153 153 153 153 153 153 153 153 153 214 255
255 255 255 255 255 255 255 255 255 255 255 255 255 255 255 255
255 255 255 255 255 255 255 255 255 255 255 255 255 255 255 255
255 214 153 153 153 153 153 153 153 153 153 153 153 153 214 255
255 153 103 111 112 145 171 160 143 144 146 129 148 138 153 255
255 153 111 103 128 140 153 173 130 133 117 101 156 156 153 255
255 153 112 128 121 171 102 164 184 160  77 130 134 125 153 255
255 153 162 141 141  55  89 175 157 121 132  73 142 102 153 255
255 153 139 167 113 118 129  47 125 102 114 146 141 132 153 255
255 153 147 122  83 146 111 165 168 137 169 183 117 160 153 255
255 153 153 189  72 197 156  76 178  96 139 124  83 152 153 255
255 153 175 126 128 161 126 122 163 133 131 148 146 137 153 255
255 153 149 117 165 111  31  91 126 154 121 138 102 137 153 255
255 153 112 128 121 141 117 163 107 144 192 121 128 112 153 255
255 153 111 103 128 111 141 153 149  75 166 128 103 111 153 255
255 153 103 111 112 148 171 139 134  98 128 112 111 103 153 255
255 214 153 153 153 153 153 153 153 153 153 153 153 153 214 255
255 255 255 255 255 255 255 255 255 255 255 255 255 255 255 255
255 255 255 255 255 255 255 255 255 255 255 255 255 255 255 255
255 214 153 153 153 153 153 153 153 153 153 153 153 153 214 255
255 153 103 111 112 145 171 160 143 144 146 129 148 138 153 255
255 153 111 103 128 140 153 173 130 133 117 101 156 156 153 255
255 153 112 128 121 171 102 164 184 160  77 130 134 125 153 255
255 153 162 141 141  55  89 175 157 121 132  73 142 102 153 255
255 153 139 167 113 118 129  47 125 102 114 146 141 132 153 255
255 153 147 122  83 146 111 165 168 137 169 183 117 160 153 255
255 153 153 189  72 197 156  76 178  96 139 124  83 152 153 255
255 153 175 126 128 161 126 122 163 133 131 148 146 137 153 255
255 153 149 117 165 111  31  91 126 154 121 138 102 137 153 255
255 153 112 128 121 141 117 163 107 144 192 121 128 112 153 255
255 153 111 103 128 111 141 153 149  75 166 128 103 111 153 255
255 153 103 111 112 148 171 139 134  98 128 112 111 103 153 255
255 214 153 153 153 153 153 153 153 153 153 153 153 153 214 255
255 255 255 255 255 255 255 255 255 255 255 255 255 255 255 255

255 255 255 255 255 255 255 255 255 255 255 255 255 255 255 255
255 214 153 153 153 153 153 153 153 153 153 153 153 153 214 255
255 153 138 156 125 102 132 160 152 137 137 112 111 103 153 255
255 153 148 156 134 142 141 117  83 146 102 128 103 111 153 255
255 153 129 101 130  73 146 183 124 148 138 121 128 112 153 255
255 153 146 117  77 132 114 169 139 131 121 192 166 128 153 255
255 153 144 133 160 121 102 137  96 133 154 144  75  98 153 255
255 153 143 130 184 157 125 168 178 163 126 107 149 134 153 255
255 153 160 173 164 175  47 165  76 122  91 163 153 139 153 255
255 153 171 153 102  89 129 111 156 126  31 117 141 171 153 255
255 153 145 140 171  55 118 146 197 161 111 141 111 148 153 255
255 153 112 128 121 141 113  83  72 128 165 121 128 112 153 255
255 153 111 103 128 141 167 122 189 126 117 128 103 111 153 255
255 153 103 111 112 162 139 147 153 175 149 112 111 103 153 255
255 214 153 153 153 153 153 153 153 153 153 153 153 153 214 255
255 255 255 255 255 255 255 255 255 255 255 255 255 255 255 255
255 255 255 255 255 255 255 255 255 255 255 255 255 255 255 255
255 214 153 153 153 153 153 153 153 153 153 153 153 153 214 255
255 153 138 156 125 102 132 160 152 137 137 112 111 103 153 255
255 153 148 156 134 142 141 117  83 146 102 128 103 111 153 255
255 153 129 101 130  73 146 183 124 148 138 121 128 112 153 255
255 153 146 117  77 132 114 169 139 131 121 192 166 128 153 255
255 153 144 133 160 121 102 137  96 133 154 144  75  98 153 255
255 153 143 130 184 157 125 168 178 163 126 107 149 134 153 255
255 153 160 173 164 175  47 165  76 122  91 163 153 139 153 255
255 153 171 153 102  89 129 111 156 126  31 117 141 171 153 255
255 153 145 140 171  55 118 146 197 161 111 141 111 148 153 255
255 153 112 128 121 141 113  83  72 128 165 121 128 112 153 255
255 153 111 103 128 141 167 122 189 126 117 128 103 111 153 255
255 153 103 111 112 162 139 147 153 175 149 112 111 103 153 255
255 214 153 153 153 153 153 153 153 153 153 153 153 153 214 255
255 255 255 255 255 255 255 255 255 255 255 255 255 255 255 255
255 255 255 255 255 255 255 255 255 255 255 255 255 255 255 255
255 214 153 153 153 153 153 153 153 153 153 153 153 153 214 255
255 153 138 156 125 102 132 160 152 137 137 112 111 103 153 255
255 153 148 156 134 142 141 117  83 146 102 128 103 111 153 255
255 153 129 101 130  73 146 183 124 148 138 121 128 112 153 255
255 153 146 117  77 132 114 169 139 131 121 192 166 128 153 255
255 153 144 133 160 121 102 137  96 133 154 144  75  98 153 255
255 153 143 130 184 157 125 168 178 163 126 107 149 134 153 255
255 153 160 173 164 175  47 165  76 122  91 163 153 139 153 255
255 153 171 153 102  89 129 111 156 126  31 117 141 171 153 255
255 153 145 140 171  55 118 146 197 161 111 141 111 148 153 255
255 153 112 128 121 141 113  83  72 128 165 121 128 112 153 255
255 153 111 103 128 141 167 122 189 126 117 128 103 111 153 255
255 153 103 111 112 162 139 147 153 175 149 112 111 103 153 255
255 214 153 153 153 153 153 153 153 153 153 153 153 153 214 255
255 255 255 255 255 255 255 255 255 255 255 255 255 255 255 255

255 255 255 255 255 255 255 255 255 255 255 255 255 255 255 255
255 214 153 153 153 153 153 153 153 153 153 153 153 153 214 255
255 153 103 111 112 128  98 134 139 171 148 112 111 103 153 255
255 153 111 103 128 166  75 149 153 141 111 128 103 111 153 255
255 153 112 128 121 192 144 107 163 117 141 121 128 112 153 255
255 153 137 102 138 121 154 126  91  31 111 165 117 149 153 255
255 153 137 146 148 131 133 163 122 126 161 128 126 175 153 255
255 153 152  83 124 139  96 178  76 156 197  72 189 153 153 255
255 153 160 117 183 169 137 168 165 111 146  83 122 147 153 255
255 153 132 141 146 114 102 125  47 129 118 113 167 139 153 255
255 153 102 142  73 132 121 157 175  89  55 141 141 162 153 255
255 153 125 134 130  77 160 184 164 102 171 121 128 112 153 255
255 153 156 156 101 117 133 130 173 153 140 128 103 111 153 255
255 153 138 148 129 146 144 143 160 171 145 112 111 103 153 255
255 214 153 153 153 153 153 153 153 153 153 153 153 153 214 255
255 255 255 255 255 255 255 255 255 255 255 255 255 255 255 255
255 255 255 255 255 255 255 255 255 255 255 255 255 255 255 255
255 214 153 153 153 153 153 153 153 153 153 153 153 153 214 255
255 153 103 111 112 128  98 134 139 171 148 112 111 103 153 255
255 153 111 103 128 166  75 149 153 141 111 128 103 111 153 255
255 153 112 128 121 192 144 107 163 117 141 121 128 112 153 255
255 153 137 102 138 121 154 126  91  31 111 165 117 149 153 255
255 153 137 146 148 131 133 163 122 126 161 128 126 175 153 255
255 153 152  83 124 139  96 178  76 156 197  72 189 153 153 255
255 153 160 117 183 169 137 168 165 111 146  83 122 147 153 255
255 153 132 141 146 114 102 125  47 129 118 113 167 139 153 255
255 153 102 142  73 132 121 157 175  89  55 141 141 162 153 255
255 153 125 134 130  77 160 184 164 102 171 121 128 112 153 255
255 153 156 156 101 117 133 130 173 153 140 128 103 111 153 255
255 153 138 148 129 146 144 143 160 171 145 112 111 103 153 255
255 214 153 153 153 153 153 153 153 153 153 153 153 153 214 255
255 255 255 255 255 255 255 255 255 255 255 255 255 255 255 255
255 255 255 255 255 255 255 255 255 255 255 255 255 255 255 255
255 214 153 153 153 153 153 153 153 153 153 153 153 153 214 255
255 153 103 111 112 128  98 134 139 171 148 112 111 103 153 255
255 153 111 103 128 166  75 149 153 141 111 128 103 111 153 255
255 153 112 128 121 192 144 107 163 117 141 121 128 112 153 255
255 153 137 102 138 121 154 126  91  31 111 165 117 149 153 255
255 153 137 146 148 131 133 163 122 126 161 128 126 175 153 255
255 153 152  83 124 139  96 178  76 156 197  72 189 153 153 255
255 153 160 117 183 169 137 168 165 111 146  83 122 147 153 255
255 153 132 141 146 114 102 125  47 129 118 113 167 139 153 255
255 153 102 142  73 132 121 157 175  89  55 141 141 162 153 255
255 153 125 134 130  77 160 184 164 102 171 121 128 112 153 255
255 153 156 156 101 117 133 130 173 153 140 128 103 111 153 255
255 153 138 148 129 146 144 143 160 171 145 112 111 103 153 255
255 214 153 153 153 153 153 153 153 153 153 153 153 153 214 255
255 255 255 255 255 255 255 255 255 255 255 255 255 255 255 255
